18.5654896 ,73.8122429
18.5659603 ,73.8120664
18.5667027 ,73.8117913
****************************************************
18.5616884 ,73.8138811
18.5622243 ,73.8136278
18.5624112 ,73.813544
18.5631006 ,73.8132649
18.563486 ,73.8130986
18.5637038 ,73.8130047
18.56434 ,73.8127337
18.5647028 ,73.8125665
18.565393 ,73.8122485
18.5654896 ,73.8122429
****************************************************
18.5672913 ,73.8115378
18.5685199 ,73.8114518
****************************************************
18.5622281 ,73.7840667
18.5621983 ,73.7840871
18.5621623 ,73.7841117
18.5620815 ,73.7841822
18.5619733 ,73.7843071
18.561899 ,73.7844189
18.5618392 ,73.7845249
18.5617985 ,73.7846074
18.5617642 ,73.784707
18.5617351 ,73.7848255
18.5616944 ,73.7851579
18.5616368 ,73.7856288
18.5616122 ,73.785783
18.561548 ,73.7861551
18.5615334 ,73.7862837
18.561529 ,73.7863819
18.5615066 ,73.7868853
18.5614836 ,73.7870209
18.5614412 ,73.7871384
18.5613832 ,73.7872646
18.56131 ,73.7873941
18.5610331 ,73.7878125
18.5609664 ,73.7878904
18.5607685 ,73.7881048
18.560478 ,73.7884195
18.5603726 ,73.7885157
18.5602769 ,73.7885806
18.5602233 ,73.7886194
18.5601818 ,73.7886631
18.5601004 ,73.7887699
18.5599768 ,73.7889683
18.5597522 ,73.7893324
18.5597124 ,73.7894066
18.5596832 ,73.7894611
18.559613 ,73.7896075
18.559476 ,73.7899264
18.5593413 ,73.7902398
18.559323 ,73.7902899
18.5593062 ,73.7903359
18.5591437 ,73.7908457
18.5590423 ,73.7911647
18.558992 ,73.791292
18.5589428 ,73.7914081
18.5588608 ,73.7915723
18.5587546 ,73.7917583
18.5586932 ,73.7918521
18.5585986 ,73.7919965
18.5578244 ,73.7931788
18.5577368 ,73.7933021
18.5576167 ,73.7934534
18.5573477 ,73.7937653
18.5572779 ,73.7938462
18.5571655 ,73.7939536
18.5570921 ,73.7940115
18.5568911 ,73.79417
18.5567967 ,73.794241
18.5560906 ,73.7947589
18.5558647 ,73.7949246
18.5557825 ,73.7950002
18.5557164 ,73.7950675
18.5556275 ,73.7951689
18.5554305 ,73.7954245
18.5553732 ,73.7955051
18.5553127 ,73.7956059
18.5552341 ,73.7957548
18.5550846 ,73.7961017
18.5550375 ,73.7962459
18.5549916 ,73.796414
18.5549646 ,73.7965413
18.5549471 ,73.7967063
18.5549455 ,73.7968835
18.5549541 ,73.7970373
18.554987 ,73.7976283
18.5549896 ,73.7977273
18.5549875 ,73.7978025
18.5549762 ,73.7981509
****************************************************
18.5623955 ,73.7839807
18.5622281 ,73.7840667
****************************************************
18.5621732 ,73.783998
18.5623192 ,73.7839222
****************************************************
18.5549017 ,73.7979773
18.5549087 ,73.7977284
18.5549036 ,73.797632
18.5548646 ,73.7968855
18.5548663 ,73.7967012
18.5548847 ,73.7965272
18.5549132 ,73.7963929
18.5549603 ,73.7962201
18.5550094 ,73.79607
18.5550436 ,73.7959907
18.5551618 ,73.7957164
18.5552432 ,73.7955623
18.5553066 ,73.7954566
18.5553668 ,73.795372
18.5555664 ,73.795113
18.5556586 ,73.7950078
18.5557279 ,73.7949374
18.5558149 ,73.7948573
18.5560471 ,73.794687
18.5565031 ,73.7943525
18.5567501 ,73.7941713
18.5568434 ,73.7941011
18.5570621 ,73.7939287
18.557114 ,73.7938877
18.5572208 ,73.7937858
18.5572879 ,73.7937079
18.5575558 ,73.7933973
18.5576734 ,73.7932491
18.5577588 ,73.793129
18.5582862 ,73.7923235
18.5585321 ,73.7919479
18.5586866 ,73.791712
18.5587904 ,73.7915304
18.55887 ,73.7913708
18.5589177 ,73.7912582
18.5589666 ,73.7911347
18.5591887 ,73.790437
18.5592301 ,73.7903069
18.5592491 ,73.7902551
18.5592667 ,73.7902068
18.5593624 ,73.7899841
18.55954 ,73.7895706
18.5596118 ,73.7894209
18.5596831 ,73.789288
18.5599078 ,73.7889237
18.5600349 ,73.7887197
18.5601216 ,73.7886061
18.5601714 ,73.7885535
18.5602321 ,73.7885096
18.560324 ,73.7884472
18.5604225 ,73.7883574
18.5607064 ,73.7880498
18.5609074 ,73.7878321
18.5609697 ,73.7877593
18.561242 ,73.7873478
18.5613119 ,73.7872241
18.5613669 ,73.7871045
18.5614053 ,73.786998
18.5614261 ,73.7868758
18.5614481 ,73.7863799
18.5614527 ,73.7862766
18.5614681 ,73.7861423
18.5615211 ,73.7858343
18.5615325 ,73.7857683
18.5615568 ,73.7856162
18.561599 ,73.7852764
18.5616318 ,73.7850119
18.5616556 ,73.7848093
18.5616706 ,73.7847482
18.5616869 ,73.7846817
18.5617244 ,73.784573
18.5617685 ,73.7844834
18.5618311 ,73.7843725
18.5619101 ,73.7842536
18.5620256 ,73.7841203
18.5621144 ,73.7840428
18.5621438 ,73.7840227
18.5621732 ,73.783998
****************************************************
18.5424334 ,73.8265795
18.5424835 ,73.8263164
18.5425368 ,73.8261042
18.5425943 ,73.825944
18.5427318 ,73.8257514
18.5428142 ,73.8256565
18.5429325 ,73.8255349
18.5430599 ,73.8254318
18.5433686 ,73.8251899
18.5434555 ,73.8251172
18.543587 ,73.8249913
18.543713 ,73.8248316
18.5437937 ,73.8247131
18.545035 ,73.8229683
18.5451604 ,73.8227669
18.5452241 ,73.8226534
18.5453069 ,73.8224271
18.5454199 ,73.8220878
18.5455859 ,73.8215125
18.5457008 ,73.8211467
18.5458551 ,73.8207196
18.5458823 ,73.8206444
18.5460208 ,73.8202868
18.5460837 ,73.820122
18.5462238 ,73.819755
18.5466535 ,73.8187477
18.546709 ,73.8186032
18.5468623 ,73.8181265
18.5469041 ,73.8179717
18.5470525 ,73.8172263
18.5470693 ,73.8171409
18.5471004 ,73.8169873
18.5472066 ,73.8165346
18.547351 ,73.8161621
18.5479216 ,73.8146868
18.5480503 ,73.8143842
18.5481119 ,73.8142395
18.5484994 ,73.8133886
18.5485958 ,73.8131783
18.5487139 ,73.8129279
18.5488675 ,73.8125372
18.549173 ,73.8117152
18.5493569 ,73.8112717
18.5495267 ,73.8108667
18.5499494 ,73.80965
18.5499898 ,73.8095259
****************************************************
18.5685199 ,73.8114518
18.5687211 ,73.811412
18.5689042 ,73.8113028
18.5690172 ,73.8111565
18.5690955 ,73.8109745
18.5691808 ,73.8107391
18.5692939 ,73.8102627
18.5692922 ,73.8099985
18.5694307 ,73.8093563
18.5694965 ,73.8092004
18.5696047 ,73.8090862
18.5697832 ,73.8089566
18.570479 ,73.8084845
****************************************************
18.5602356 ,73.814936
18.560281 ,73.8148976
18.5603438 ,73.8148489
18.5604514 ,73.8147655
18.5612182 ,73.8141788
18.5612799 ,73.8141316
18.5615725 ,73.8139437
18.5616884 ,73.8138811
****************************************************
18.5617214 ,73.8139615
18.5616177 ,73.8140249
18.5613327 ,73.8142094
18.5612734 ,73.8142555
18.560784 ,73.8146357
18.56051 ,73.8148494
18.5604021 ,73.814933
18.5603397 ,73.8149814
18.560294 ,73.815018
****************************************************
18.5500876 ,73.8094698
18.5500598 ,73.8095508
18.5500169 ,73.8096761
18.5498085 ,73.8102816
18.5495934 ,73.8108951
18.5494227 ,73.8113022
18.5492394 ,73.8117443
18.5490652 ,73.812214
18.5489342 ,73.8125655
18.5487793 ,73.8129594
18.5486603 ,73.8132116
18.548177 ,73.8142715
18.5481147 ,73.814418
18.5479876 ,73.8147166
18.547944 ,73.8148295
18.5474175 ,73.8161907
18.5473049 ,73.8164837
18.5472751 ,73.8165582
18.5471704 ,73.8170042
18.547141 ,73.817152
18.5471252 ,73.8172368
18.5469906 ,73.8179185
18.5469739 ,73.8179899
18.546931 ,73.8181491
18.5468007 ,73.8185541
18.5467764 ,73.8186296
18.5467196 ,73.8187775
18.5462899 ,73.8197847
18.5461503 ,73.8201504
18.5460874 ,73.8203153
18.5459492 ,73.8206722
18.5457685 ,73.8211722
18.5456544 ,73.8215355
18.5454882 ,73.8221115
18.5453743 ,73.8224534
18.545289 ,73.8226866
18.5452214 ,73.822807
18.5450939 ,73.8230119
18.5438516 ,73.824758
18.5437698 ,73.824878
18.543639 ,73.8250438
18.543502 ,73.825175
18.5434124 ,73.82525
18.5431032 ,73.8254922
18.5429796 ,73.8255923
18.5428644 ,73.8257108
18.5427933 ,73.8258049
18.5426702 ,73.8259716
18.5426189 ,73.8261318
18.542584 ,73.8263396
18.5424506 ,73.8272055
18.5423097 ,73.8279662
18.5422638 ,73.8282143
18.5422518 ,73.8284562
18.542225 ,73.8287782
****************************************************
18.5685258 ,73.8115463
18.5672972 ,73.8116323
****************************************************
18.5672972 ,73.8116323
18.5671822 ,73.8116529
18.5668212 ,73.8118067
18.5667027 ,73.8117913
****************************************************
18.5667027 ,73.8117913
18.5667876 ,73.8117188
18.5671569 ,73.8115614
18.5672913 ,73.8115378
****************************************************
18.5703556 ,73.8088782
18.5700404 ,73.8090777
18.5698757 ,73.8092131
18.5697544 ,73.8093531
18.5696568 ,73.8094958
18.569593 ,73.8097168
18.5694245 ,73.8104704
18.5693352 ,73.810805
18.5692504 ,73.8110238
18.5691612 ,73.8111908
18.5690468 ,73.8113313
18.5689156 ,73.8114404
18.5687539 ,73.8115074
18.5685258 ,73.8115463
****************************************************
18.5686997 ,73.7666714
18.5686936 ,73.7667942
18.5681314 ,73.7677777
18.5680593 ,73.767883
18.5679988 ,73.7679468
18.5679339 ,73.7680011
18.567848 ,73.7680559
18.5676137 ,73.7681728
18.5674623 ,73.7682484
18.5673759 ,73.768301
18.5672983 ,73.7683629
18.5672429 ,73.7684143
18.5671661 ,73.7684978
18.5671095 ,73.7685758
18.5670561 ,73.7686802
18.566994 ,73.7688184
18.5665037 ,73.7702736
18.5664365 ,73.7704705
18.5663155 ,73.7707968
18.5661732 ,73.7711608
18.5660437 ,73.7714699
18.5660114 ,73.7715469
18.5657187 ,73.7722379
18.5655859 ,73.7725514
18.5655367 ,73.7726815
18.5654966 ,73.7727877
18.5654142 ,73.7730171
18.5653481 ,73.7732009
18.5652874 ,73.7733602
18.5652039 ,73.7735793
18.5651341 ,73.7737625
18.5648443 ,73.7745209
18.5647551 ,73.7747544
18.5647376 ,73.7748001
18.5646865 ,73.7749446
18.564642 ,73.7750788
18.5645983 ,73.7752205
18.5645448 ,73.7754197
18.5645062 ,73.7755779
18.5644733 ,73.7757129
18.5644287 ,73.7759205
18.5644003 ,73.7760887
18.5643686 ,73.7762768
18.5643276 ,73.7765825
18.5643133 ,73.7766889
18.5642957 ,73.7768069
18.5642825 ,73.7769105
18.5642349 ,73.7773039
18.5642269 ,73.7773663
18.5642123 ,73.7775164
18.5642044 ,73.777627
18.5641987 ,73.7777874
18.5641977 ,73.7778784
18.5641969 ,73.7779567
18.5642102 ,73.7782978
18.5642211 ,73.7785761
18.5642292 ,73.77877
18.5642303 ,73.7788073
18.564235 ,73.7789633
18.564235 ,73.7791906
18.5642289 ,73.7796121
18.5642212 ,73.7801492
18.564219 ,73.7805025
18.5642109 ,73.7808619
18.5642062 ,73.781008
18.5641896 ,73.7811393
18.5641568 ,73.78131
18.5641337 ,73.7814001
18.5641054 ,73.781511
18.564082 ,73.7815835
18.5639639 ,73.7819497
18.5637988 ,73.7824616
18.5637556 ,73.7825799
18.5637099 ,73.7826835
18.5636581 ,73.7827704
18.5635726 ,73.7828947
18.5635003 ,73.7829885
18.5629691 ,73.7836133
18.562879 ,73.7837004
18.5628081 ,73.7837645
18.562736 ,73.7838153
18.5626416 ,73.7838686
18.5625306 ,73.783921
18.5624298 ,73.783966
18.5623955 ,73.7839807
****************************************************
18.5549629 ,73.7984923
18.5549676 ,73.7986734
18.5550828 ,73.7993955
18.5551049 ,73.7995713
18.5551058 ,73.7996968
18.555094 ,73.7997872
18.5550871 ,73.7998404
18.5550563 ,73.7999568
18.5548687 ,73.8004262
18.554825 ,73.8005363
18.5546456 ,73.8010791
18.5546083 ,73.8011755
18.5545505 ,73.801284
18.5541186 ,73.8019228
18.5540062 ,73.8020704
18.5537925 ,73.8022889
18.5536182 ,73.8024352
18.5535217 ,73.8025103
18.5534896 ,73.8025352
18.5532876 ,73.8026782
18.553214 ,73.8027353
18.5531591 ,73.8027779
18.5530829 ,73.8028413
18.553007 ,73.8029113
18.5529346 ,73.802986
18.5528352 ,73.8031036
18.5525664 ,73.8034271
18.5523692 ,73.8036194
18.5522107 ,73.8037732
18.5518204 ,73.8041263
18.551794 ,73.8041533
18.5517142 ,73.8042357
18.5516 ,73.8043638
18.5515295 ,73.8044566
18.5514664 ,73.8045398
18.5511723 ,73.8049276
18.5510978 ,73.8050224
18.5510004 ,73.8051756
18.5508623 ,73.8054535
18.5507013 ,73.8059026
18.5506653 ,73.8060581
18.550266 ,73.8084614
18.5501155 ,73.8093672
18.5500876 ,73.8094698
****************************************************
18.5548823 ,73.7985003
18.5548849 ,73.7984074
18.5549017 ,73.7979773
****************************************************
18.5549762 ,73.7981509
18.5549658 ,73.7984064
18.5549629 ,73.7984923
****************************************************
18.5654896 ,73.8122429
18.5654199 ,73.8123136
18.5647499 ,73.8126223
18.5643661 ,73.8127992
18.5643 ,73.8128274
18.5637292 ,73.8130705
18.5634899 ,73.8131737
18.5631254 ,73.8133309
18.5624364 ,73.8136099
18.5622519 ,73.8136927
18.5617214 ,73.8139615
****************************************************
18.5499898 ,73.8095259
18.5500119 ,73.8094426
18.5500359 ,73.8093524
18.5501129 ,73.8088051
18.5502607 ,73.8077546
18.5505861 ,73.8060406
18.550624 ,73.8058773
18.5507884 ,73.8054185
18.5509309 ,73.8051319
18.5510326 ,73.8049718
18.5510648 ,73.8049268
18.5514033 ,73.8044865
18.5514789 ,73.8043869
18.5515389 ,73.8043078
18.5516565 ,73.804176
18.551741 ,73.8040901
18.5517657 ,73.8040634
18.5521568 ,73.8037096
18.5523158 ,73.8035552
18.5525084 ,73.8033676
18.5527747 ,73.803047
18.552876 ,73.8029271
18.5529521 ,73.8028486
18.5530312 ,73.8027757
18.5531101 ,73.80271
18.5531661 ,73.8026666
18.553241 ,73.8026084
18.5534431 ,73.8024655
18.5534688 ,73.8024455
18.553569 ,73.8023675
18.553739 ,73.8022247
18.5539463 ,73.8020129
18.5540542 ,73.8018713
18.5544822 ,73.8012382
18.5545354 ,73.8011384
18.5545699 ,73.8010489
18.5547495 ,73.8005057
18.554794 ,73.8003936
18.5548314 ,73.8002999
18.5549798 ,73.7999287
18.5550077 ,73.7998231
18.5550149 ,73.799768
18.5550249 ,73.7996913
18.5550241 ,73.7995775
18.5550028 ,73.7994079
18.5548876 ,73.7986858
18.554884 ,73.7985609
18.5548823 ,73.7985003
****************************************************
18.5623192 ,73.7839222
18.5623988 ,73.7838872
18.5624983 ,73.7838428
18.562606 ,73.783792
18.5626943 ,73.783742
18.5627592 ,73.7836964
18.5628254 ,73.7836365
18.5629115 ,73.7835533
18.5634388 ,73.7829331
18.5635085 ,73.7828427
18.563591 ,73.7827226
18.5636387 ,73.7826426
18.5636781 ,73.7825591
18.5637228 ,73.7824325
18.564028 ,73.7814861
18.5640443 ,73.7814226
18.5640781 ,73.7812904
18.5641098 ,73.7811252
18.5641255 ,73.7810009
18.5641301 ,73.7808597
18.5641305 ,73.7808297
18.564136 ,73.7804174
18.5641468 ,73.7796976
18.5641542 ,73.77919
18.5641542 ,73.7789646
18.5641484 ,73.7787733
18.5641404 ,73.7785801
18.5641335 ,73.7784042
18.5641161 ,73.7779581
18.5641176 ,73.7778091
18.5641178 ,73.7777854
18.5641236 ,73.7776221
18.5641318 ,73.7775088
18.5641466 ,73.7773562
18.564174 ,73.7771415
18.5642099 ,73.7768749
18.5642232 ,73.7767712
18.5642332 ,73.7766773
18.5642888 ,73.7762633
18.5643495 ,73.7759036
18.5643947 ,73.7756929
18.5644667 ,73.7753974
18.5645209 ,73.7751956
18.5645653 ,73.7750516
18.5646105 ,73.7749155
18.5646622 ,73.7747692
18.5650591 ,73.7737306
18.5652727 ,73.7731699
18.5653567 ,73.7729362
18.5654212 ,73.7727568
18.5655114 ,73.7725182
18.5657027 ,73.7720665
18.5659086 ,73.7715806
18.5659375 ,73.7715123
18.5659678 ,73.7714401
18.5660988 ,73.7711273
18.5661591 ,73.7709731
18.5662405 ,73.7707649
18.5663609 ,73.7704405
18.5664275 ,73.7702451
18.5667905 ,73.7691679
18.5669192 ,73.7687858
18.566984 ,73.7686416
18.5670414 ,73.7685294
18.5671048 ,73.7684419
18.5671872 ,73.7683525
18.5672472 ,73.7682968
18.5673311 ,73.7682298
18.5674247 ,73.7681728
18.5675745 ,73.7680981
18.5678097 ,73.7679807
18.5678876 ,73.7679309
18.567945 ,73.767883
18.5679976 ,73.7678275
18.5680639 ,73.7677307
18.5686244 ,73.7667501
18.5686997 ,73.7666714
****************************************************
18.5717674 ,73.8079093
18.5700705 ,73.808963
18.5698047 ,73.8091417
18.569647 ,73.8093111
18.5695565 ,73.8094868
18.5694455 ,73.8099335
****************************************************
18.5694455 ,73.8099335
18.569418 ,73.8101911
18.5694245 ,73.8104704
****************************************************
18.5692939 ,73.8102627
18.5693719 ,73.8099244
****************************************************
18.5693719 ,73.8099244
18.5694854 ,73.8094456
18.5695912 ,73.8092404
18.5697565 ,73.8090737
18.5700096 ,73.8088869
18.5717295 ,73.8078262
****************************************************
